20190915 211944 -1 1 Item 1 1.99
20190915 211944 -1 2 Item 2 2.99
20190915 211944 -0.6 2 Item 2 2.99
20190915 212321	1	-1	1	Item 1	1.99
20190915 212321	1	-1	2	Item 2	2.99
20190915 212321	1	-0.6	2	Item 2	2.99
20190915 212409	1	-1	1	Item 1	1.99
20190915 212409	1	-1	2	Item 2	2.99
20190915 212409	1	-0.6	2	Item 2	2.99
20190915 212432	1	-1	1	Item 1	1.99
20190915 212432	1	-2	2	Item 2	2.99
20190915 212432	1	-0.6	2	Item 2	2.99
20190915 212627	1	-1	1	Item 1	1.99
20190915 212627	1	-2	2	Item 2	2.99
20190915 212627	1	-0.6	2	Item 2	2.99
20190915 215131	1	-1	1	Item 1	1.99
20190915 215131	1	-2.6	2	Item 2	2.99
20190915 215301	1	-5.6	2	Item 2	2.99
20190915 215301	1	-1	1	Item 1	1.99
20190915 221756	1	4	1	Item 1	1.99
20190915 221756	1	2.6	2	Item 2	2.99
20190915 222008	1	4	1	Item 1	1.99
20190915 222008	1	2.6	2	Item 2	2.99
20190915 223028	1	2.6	2	Item 2	2.99
20190915 223028	1	4	1	Item 1	1.99
20190915 223312	1	2.6	2	Item 2	2.99
20190915 223312	1	4	1	Item 1	1.99
20190915 223753	1	-2.6	2	Item 2	2.99
20190915 223753	1	-4	1	Item 1	1.99
